ZoneId 2
SpawnCount 150
Spawn 0 3 45.500 39.500 0.000
Spawn 1 3 36.500 83.500 47.000
Spawn 2 3 75.500 61.500 94.000
Spawn 3 3 46.500 120.500 141.000
Spawn 4 3 72.500 134.500 188.000
Spawn 5 3 91.500 86.500 235.000
Spawn 6 3 87.500 104.500 282.000
Spawn 7 3 42.500 36.500 329.000
Spawn 8 3 40.500 84.500 16.000
Spawn 9 3 71.500 62.500 63.000
Spawn 10 3 47.500 119.500 110.000
Spawn 11 3 70.500 137.500 157.000
Spawn 12 3 92.500 82.500 204.000
Spawn 13 3 88.500 108.500 251.000
Spawn 14 3 41.500 42.500 298.000
Spawn 15 3 38.500 78.500 345.000
Spawn 16 3 74.500 67.500 32.000
Spawn 17 3 43.500 116.500 79.000
Spawn 18 3 72.500 137.500 126.000
Spawn 19 3 86.500 84.500 173.000
Spawn 20 3 92.500 104.500 220.000
Spawn 21 3 49.500 39.500 267.000
Spawn 22 3 32.500 84.500 314.000
Spawn 23 3 78.500 59.500 1.000
Spawn 24 3 44.500 123.500 48.000
Spawn 25 3 73.500 130.500 95.000
Spawn 26 3 92.500 89.500 142.000
Spawn 27 3 85.500 102.500 189.000
Spawn 28 3 41.500 32.500 236.000
Spawn 29 3 42.500 87.500 283.000
Spawn 30 3 68.500 60.500 330.000
Spawn 31 3 54.500 123.500 17.000
Spawn 32 3 67.500 138.500 64.000
Spawn 33 3 95.500 80.500 111.000
Spawn 34 3 86.500 112.500 158.000
Spawn 35 3 42.500 40.500 205.000
Spawn 36 3 38.500 81.500 252.000
Spawn 37 3 74.500 64.500 299.000
Spawn 38 3 45.500 118.500 346.000
Spawn 39 3 72.500 136.500 33.000
Spawn 40 3 89.500 84.500 80.000
Spawn 41 3 90.500 105.500 127.000
Spawn 42 3 46.500 39.500 174.000
Spawn 43 3 35.500 83.500 221.000
Spawn 44 3 76.500 61.500 268.000
Spawn 45 3 45.500 121.500 315.000
Spawn 46 3 73.500 133.500 2.000
Spawn 47 3 91.500 87.500 49.000
Spawn 48 3 87.500 103.500 96.000
Spawn 49 3 43.500 34.500 143.000
Spawn 50 3 40.500 86.500 190.000
Spawn 51 3 70.500 60.500 237.000
Spawn 52 3 48.500 120.500 284.000
Spawn 53 3 69.500 137.500 331.000
Spawn 54 3 94.500 82.500 18.000
Spawn 55 3 87.500 109.500 65.000
Spawn 56 3 39.500 42.500 112.000
Spawn 57 3 40.500 78.500 159.000
Spawn 58 3 73.500 68.500 206.000
Spawn 59 3 43.500 116.500 253.000
Spawn 60 3 73.500 142.500 300.000
Spawn 61 3 86.500 82.500 347.000
Spawn 62 3 94.500 105.500 34.000
Spawn 63 3 49.500 41.500 81.000
Spawn 64 3 31.500 83.500 128.000
Spawn 65 3 79.500 60.500 175.000
Spawn 66 3 42.500 123.500 222.000
Spawn 67 3 75.500 129.500 269.000
Spawn 68 3 91.500 91.500 316.000
Spawn 69 3 85.500 100.500 3.000
Spawn 70 1 129.500 156.500 0.000
Spawn 71 1 160.500 101.500 47.000
Spawn 72 1 146.500 46.500 94.000
Spawn 73 1 187.500 170.500 141.000
Spawn 74 1 176.500 113.500 188.000
Spawn 75 1 168.500 69.500 235.000
Spawn 76 1 106.500 156.500 282.000
Spawn 77 1 207.500 167.500 329.000
Spawn 78 1 130.500 157.500 16.000
Spawn 79 1 159.500 101.500 63.000
Spawn 80 1 147.500 46.500 110.000
Spawn 81 1 186.500 171.500 157.000
Spawn 82 1 177.500 112.500 204.000
Spawn 83 1 168.500 70.500 251.000
Spawn 84 1 106.500 155.500 298.000
Spawn 85 1 207.500 167.500 345.000
Spawn 86 1 131.500 158.500 32.000
Spawn 87 1 158.500 99.500 79.000
Spawn 88 1 149.500 47.500 126.000
Spawn 89 1 184.500 171.500 173.000
Spawn 90 1 178.500 110.500 220.000
Spawn 91 1 167.500 72.500 267.000
Spawn 92 1 107.500 153.500 314.000
Spawn 93 1 207.500 169.500 1.000
Spawn 94 1 130.500 160.500 48.000
Spawn 95 1 157.500 97.500 95.000
Spawn 96 1 150.500 49.500 142.000
Spawn 97 1 182.500 169.500 189.000
Spawn 98 1 178.500 110.500 236.000
Spawn 99 1 165.500 72.500 283.000
Spawn 100 1 108.500 152.500 330.000
Spawn 101 1 207.500 170.500 17.000
Spawn 102 1 129.500 162.500 64.000
Spawn 103 1 158.500 95.500 111.000
Spawn 104 1 150.500 51.500 158.000
Spawn 105 1 181.500 167.500 205.000
Spawn 106 1 178.500 110.500 252.000
Spawn 107 1 161.500 70.500 299.000
Spawn 108 1 111.500 152.500 346.000
Spawn 109 1 206.500 172.500 33.000
Spawn 110 1 127.500 157.500 80.000
Spawn 111 1 161.500 99.500 127.000
Spawn 112 1 146.500 49.500 174.000
Spawn 113 1 186.500 168.500 221.000
Spawn 114 1 176.500 114.500 268.000
Spawn 115 1 166.500 68.500 315.000
Spawn 116 1 109.500 156.500 2.000
Spawn 117 1 207.500 168.500 49.000
Spawn 118 1 126.500 158.500 96.000
Spawn 119 1 162.500 98.500 143.000
Spawn 120 1 145.500 50.500 190.000
Spawn 121 1 186.500 166.500 237.000
Spawn 122 1 177.500 117.500 284.000
Spawn 123 1 165.500 67.500 331.000
Spawn 124 1 110.500 156.500 18.000
Spawn 125 1 205.500 169.500 65.000
Spawn 126 1 124.500 158.500 112.000
Spawn 127 1 163.500 97.500 159.000
Spawn 128 1 144.500 52.500 206.000
Spawn 129 1 186.500 165.500 253.000
Spawn 130 1 178.500 118.500 300.000
Spawn 131 1 164.500 66.500 347.000
Spawn 132 1 112.500 157.500 34.000
Spawn 133 1 204.500 168.500 81.000
Spawn 134 1 123.500 157.500 128.000
Spawn 135 1 165.500 97.500 175.000
Spawn 136 1 142.500 52.500 222.000
Spawn 137 1 187.500 163.500 269.000
Spawn 138 1 178.500 118.500 316.000
Spawn 139 1 164.500 64.500 3.000
Spawn 140 1 112.500 159.500 50.000
Spawn 141 1 202.500 167.500 97.000
Spawn 142 1 121.500 155.500 144.000
Spawn 143 1 167.500 98.500 191.000
Spawn 144 1 140.500 52.500 238.000
Spawn 145 1 190.500 162.500 285.000
Spawn 146 1 177.500 121.500 332.000
Spawn 147 1 165.500 62.500 19.000
Spawn 148 1 112.500 162.500 66.000
Spawn 149 1 201.500 165.500 113.000
